       2     4    0     1     6     7     5      8
0   3046  3715  277  1803  4271  7434  4187   8456
1   3046  3715  277  1803  4271  7434  4187   8456
2   3046  3715  277  1803  4271  7434  4187   8456
3   3046  3715  277  1803  4271  7434  4187   8456
4   3046  3715  277  1803  4271  7434  4187   8456
5   3046  3715  277  1803  4271  7434  4187   8456
6   3046  3715  277  1803  4271  7434  4187   8456
7   3046  3715  277  1803  4271  7434  4187   8456
8   3046  3715  277  1803  4271  7434  4187   8456
9   3046  3715  277  1803  4271  7434  4187   8456
10  3046  3715  277  1803  4271  7434  4187   8456
11  3046  3715  277  1803  4271  7434  4187   8456
12  3046  3715  277  1803  4271  7434  4187   8456
13  3046  3715  277  1803  4271  7434  4187   8456
14  3066  3715  277  1803  4271  7434  4187   8456
15  3066  3715  277  1803  4271  7434  4187   8456
16  3066  3715  277  1803  4271  7434  4187   8456
17  3066  3715  277  1803  4271  7434  4187   8456
18  3066  3715  277  1803  4271  7434  4187   8456
19  3066  3715  277  1803  4271  7434  4187   8456
20  3066  3715  277  1803  4271  7434  4187   8456
21  3066  3715  277  1803  4271  7434  4187   8456
22  3066  3715  277  1803  4271  7434  4187   8456
23  3066  3715  277  1803  4271  7434  4187   8456
24  3066  3715  277  1803  4271  7434  4187   8456
25  3066  3715  277  1803  4271  7434  4187   8456
26  3066  3715  277  1803  4271  7434  4187   8456
27  3066  3715  277  1803  4271  7434  4187   8456
28  3046  3715  277  2024  4271  7579  4187   9735
29  3046  3715  277  2024  4271  7579  4187  12774
30  3046  3715  277  2024  4271  7579  4187   9735
31  3046  3715  277  2024  4271  7579  4187  12774
32  3046  3715  277  2024  4271  7579  4187   9735
33  3046  3715  277  2024  4271  7579  4187  12774
34  3046  3715  277  2024  4271  7579  4187   9735
35  3046  3715  277  2024  4271  7579  4187  12774
36  3046  3715  277  2024  4271  7579  4187   9735
37  3046  3715  277  2024  4271  7579  4187  12774
38  3046  3715  277  2024  4271  7579  4187   9735
39  3046  3715  277  2024  4271  7579  4187  12774
40  3046  3715  277  2024  4271  7579  4187   9735
41  3046  3715  277  2024  4271  7579  4187  12774
42  3066  3715  277  2024  4271  7579  4187   9735
43  3066  3715  277  2024  4271  7579  4187  12774
44  3066  3715  277  2024  4271  7579  4187   9735
45  3066  3715  277  2024  4271  7579  4187  12774
46  3066  3715  277  2024  4271  7579  4187   9735
47  3066  3715  277  2024  4271  7579  4187  12774
48  3066  3715  277  2024  4271  7579  4187   9735
49  3066  3715  277  2024  4271  7579  4187  12774
50  3066  3715  277  2024  4271  7579  4187   9735
51  3066  3715  277  2024  4271  7579  4187  12774
52  3066  3715  277  2024  4271  7579  4187   9735
53  3066  3715  277  2024  4271  7579  4187  12774
54  3066  3715  277  2024  4271  7579  4187   9735
55  3066  3715  277  2024  4271  7579  4187  12774